overall:
  accuracy: 0.0625
  f1-score: 0.023809523809523808
  jaccard: 0.012987012987012988
  precision: 0.047619047619047616
  recall: 0.015873015873015872
per_video:
  accuracy:
    mean: 0.0625
    std: 0.0
  f1-score:
    mean: 0.023809523809523808
    std: 0.0
  jaccard:
    mean: 0.012987012987012988
    std: 0.0
  precision:
    mean: 0.047619047619047616
    std: 0.0
  recall:
    mean: 0.015873015873015872
    std: 0.0
