overall:
  accuracy: 0.8266982890055904
  f1-score: 0.782015412582322
  jaccard: 0.6518892225702375
  precision: 0.781502318132012
  recall: 0.7969507468469312
per_video:
  accuracy:
    mean: 0.8430022317469368
    std: 0.09474950342561908
  f1-score:
    mean: 0.7692170191925789
    std: 0.11013930533767166
  jaccard:
    mean: 0.6739968027597498
    std: 0.12901806177560893
  precision:
    mean: 0.7914801518502711
    std: 0.10663440176315588
  recall:
    mean: 0.8120202956089478
    std: 0.10197123903649315
